iota_price: 0.091855
creation_cost_iota: 0.006928
properties_cost_iota: 0.28261960000000047
accreditations_cost_iota: 1.2927475999999973
validation_cost_iota: 0.002
