iota_price: 0.092247
creation_cost_iota: 0.006928
properties_cost_iota: 0.027827999999999988
accreditations_cost_iota: 0.037148
validation_cost_iota: 0.001
