iota_price: 0.091757
creation_cost_iota: 0.006928
properties_cost_iota: 0.06991200000000002
accreditations_cost_iota: 0.6111600000000001
validation_cost_iota: 0.002
