iota_price: 0.091861
creation_cost_iota: 0.006928
properties_cost_iota: 0.14005199999999995
accreditations_cost_iota: 1.3168799999999994
validation_cost_iota: 0.003
