iota_price: 0.091854
creation_cost_iota: 0.006928
properties_cost_iota: 0.041856000000000004
accreditations_cost_iota: 0.037376
validation_cost_iota: 0.001
